
--->Working in B0205.6
=>B0205.6 ABarp	0,63,0,63,0,0
0 , 1
=>B0205.6 ABpla	0,63,9,54,1,8
-1 , 0.002874658
=>B0205.6 ABpra	0,63,6,57,0,6
-1 , 0.02759121
=>B0205.6 Caa	0,13,1,12,0,1
0 , 1
=>B0205.6 Cpa	0,15,1,14,0,1
0 , 1

--->Working in C16A3.6
=>C16A3.6 ABarp	0,63,0,63,0,0
0 , 1
=>C16A3.6 ABpla	0,63,0,63,0,0
0 , 1
=>C16A3.6 ABpra	0,63,0,63,0,0
0 , 1
=>C16A3.6 Caa	0,13,0,13,0,0
0 , 1
=>C16A3.6 Cpa	0,15,0,15,0,0
0 , 1

--->Working in F13H8.9
=>F13H8.9 ABarp	0,63,0,63,0,0
0 , 1
=>F13H8.9 ABpla	0,63,0,63,0,0
0 , 1
=>F13H8.9 ABpra	0,63,0,63,0,0
0 , 1
=>F13H8.9 Caa	0,13,0,13,0,0
0 , 1
=>F13H8.9 Cpa	0,15,0,15,0,0
0 , 1

--->Working in abce-1
=>abce-1 ABarp	0,39,6,33,0,6
-1 , 0.02540473
=>abce-1 ABpla	0,51,5,46,1,4
-1 , 0.05640564
=>abce-1 ABpra	0,41,2,39,0,2
0 , 0.4938272
=>abce-1 Caa	0,13,0,13,0,0
0 , 1
=>abce-1 Cpa	0,15,0,15,0,0
0 , 1

--->Working in blmp-1
=>blmp-1 ABarp	0,63,0,63,0,0
0 , 1
=>blmp-1 ABpla	0,63,0,63,0,0
0 , 1
=>blmp-1 ABpra	0,63,0,63,0,0
0 , 1
=>blmp-1 Caa	0,13,0,13,0,0
0 , 1
=>blmp-1 Cpa	0,15,0,15,0,0
0 , 1

--->Working in cbp-1
=>cbp-1 ABarp	0,53,6,47,6,0
1 , 0.02691531
=>cbp-1 ABpla	0,63,4,59,4,0
0 , 0.1190244
=>cbp-1 ABpra	0,57,5,52,5,0
1 , 0.05704377
=>cbp-1 Caa	0,13,8,5,8,0
1 , 0.001647597
=>cbp-1 Cpa	0,15,9,6,9,0
1 , 0.0006996502

--->Working in ceh-13
=>ceh-13 ABarp	0,63,0,63,0,0
0 , 1
=>ceh-13 ABpla	0,63,0,63,0,0
0 , 1
=>ceh-13 ABpra	0,63,0,63,0,0
0 , 1
=>ceh-13 Caa	0,13,0,13,0,0
0 , 1
=>ceh-13 Cpa	0,15,0,15,0,0
0 , 1

--->Working in ceh-24
=>ceh-24 ABarp	0,63,4,59,0,4
0 , 0.1190244
=>ceh-24 ABpla	0,63,2,61,0,2
0 , 0.496
=>ceh-24 ABpra	0,63,2,61,0,2
0 , 0.496
=>ceh-24 Caa	0,13,1,12,0,1
0 , 1
=>ceh-24 Cpa	0,15,0,15,0,0
0 , 1

--->Working in ceh-32
=>ceh-32 ABarp	0,63,0,63,0,0
0 , 1
=>ceh-32 ABpla	0,63,0,63,0,0
0 , 1
=>ceh-32 ABpra	0,63,0,63,0,0
0 , 1
=>ceh-32 Caa	0,13,0,13,0,0
0 , 1
=>ceh-32 Cpa	0,15,0,15,0,0
0 , 1

--->Working in ceh-43
=>ceh-43 ABarp	0,63,0,63,0,0
0 , 1
=>ceh-43 ABpla	0,63,0,63,0,0
0 , 1
=>ceh-43 ABpra	0,63,0,63,0,0
0 , 1
=>ceh-43 Caa	0,13,1,12,1,0
0 , 1
=>ceh-43 Cpa	0,15,0,15,0,0
0 , 1

--->Working in cogc-2
=>cogc-2 ABarp	0,63,10,53,0,10
-1 , 0.001326765
=>cogc-2 ABpla	0,63,8,55,0,8
-1 , 0.006167447
=>cogc-2 ABpra	0,63,6,57,0,6
-1 , 0.02759121
=>cogc-2 Caa	0,13,2,11,0,2
0 , 0.48
=>cogc-2 Cpa	0,15,3,12,0,3
0 , 0.2241379

--->Working in cpsf-2
=>cpsf-2 ABarp	0,47,0,47,0,0
0 , 1
=>cpsf-2 ABpla	0,59,0,59,0,0
0 , 1
=>cpsf-2 ABpra	0,61,0,61,0,0
0 , 1
=>cpsf-2 Caa	0,11,0,11,0,0
0 , 1
=>cpsf-2 Cpa	0,11,0,11,0,0
0 , 1

--->Working in cwn-2
=>cwn-2 ABarp	0,63,0,63,0,0
0 , 1
=>cwn-2 ABpla	0,63,0,63,0,0
0 , 1
=>cwn-2 ABpra	0,63,0,63,0,0
0 , 1
=>cwn-2 Caa	0,13,0,13,0,0
0 , 1
=>cwn-2 Cpa	0,15,0,15,0,0
0 , 1

--->Working in dsh-2
=>dsh-2 ABarp	0,63,1,62,1,0
0 , 1
=>dsh-2 ABpla	0,63,3,60,3,0
0 , 0.244
=>dsh-2 ABpra	0,63,0,63,0,0
0 , 1
=>dsh-2 Caa	0,13,0,13,0,0
0 , 1
=>dsh-2 Cpa	0,15,0,15,0,0
0 , 1

--->Working in egl-18
=>egl-18 ABarp	0,63,0,63,0,0
0 , 1
=>egl-18 ABpla	0,63,0,63,0,0
0 , 1
=>egl-18 ABpra	0,63,0,63,0,0
0 , 1
=>egl-18 Caa	0,13,0,13,0,0
0 , 1
=>egl-18 Cpa	0,15,0,15,0,0
0 , 1

--->Working in elt-1
=>elt-1 ABarp	0,63,4,59,4,0
0 , 0.1190244
=>elt-1 ABpla	0,63,5,58,5,0
1 , 0.05756098
=>elt-1 ABpra	0,63,3,60,3,0
0 , 0.244
=>elt-1 Caa	0,13,2,11,2,0
0 , 0.48
=>elt-1 Cpa	0,15,0,15,0,0
0 , 1

--->Working in elt-3
=>elt-3 ABarp	0,63,5,58,0,5
-1 , 0.05756098
=>elt-3 ABpla	0,63,3,60,1,2
0 , 0.244
=>elt-3 ABpra	0,63,2,61,1,1
0 , 0.496
=>elt-3 Caa	0,13,1,12,1,0
0 , 1
=>elt-3 Cpa	0,15,0,15,0,0
0 , 1

--->Working in fkb-3
=>fkb-3 ABarp	0,63,0,63,0,0
0 , 1
=>fkb-3 ABpla	0,63,0,63,0,0
0 , 1
=>fkb-3 ABpra	0,63,0,63,0,0
0 , 1
=>fkb-3 Caa	0,13,0,13,0,0
0 , 1
=>fkb-3 Cpa	0,15,0,15,0,0
0 , 1

--->Working in gad-1
=>gad-1 ABarp	0,63,20,43,20,0
1 , 3.1715e-07
=>gad-1 ABpla	0,63,17,46,17,0
1 , 4.386072e-06
=>gad-1 ABpra	0,59,11,48,11,0
1 , 0.0005849973
=>gad-1 Caa	0,13,4,9,4,0
1 , 0.09565217
=>gad-1 Cpa	0,13,1,12,1,0
0 , 1

--->Working in gop-3
=>gop-3 ABarp	0,63,0,63,0,0
0 , 1
=>gop-3 ABpla	0,63,1,62,1,0
0 , 1
=>gop-3 ABpra	0,63,0,63,0,0
0 , 1
=>gop-3 Caa	0,13,0,13,0,0
0 , 1
=>gop-3 Cpa	0,15,0,15,0,0
0 , 1

--->Working in hlh-1
=>hlh-1 ABarp	0,35,0,35,0,0
0 , 1
=>hlh-1 ABpla	0,49,0,49,0,0
0 , 1
=>hlh-1 ABpra	0,37,0,37,0,0
0 , 1
=>hlh-1 Caa	0,11,0,11,0,0
0 , 1
=>hlh-1 Cpa	0,11,0,11,0,0
0 , 1

--->Working in hlh-2
=>hlh-2 ABarp	0,63,2,61,0,2
0 , 0.496
=>hlh-2 ABpla	0,63,2,61,0,2
0 , 0.496
=>hlh-2 ABpra	0,63,6,57,0,6
-1 , 0.02759121
=>hlh-2 Caa	0,13,1,12,0,1
0 , 1
=>hlh-2 Cpa	0,15,0,15,0,0
0 , 1

--->Working in hnd-1
=>hnd-1 ABarp	0,63,0,63,0,0
0 , 1
=>hnd-1 ABpla	0,63,0,63,0,0
0 , 1
=>hnd-1 ABpra	0,63,0,63,0,0
0 , 1
=>hnd-1 Caa	0,13,0,13,0,0
0 , 1
=>hnd-1 Cpa	0,15,0,15,0,0
0 , 1

--->Working in isw-1
=>isw-1 ABarp	0,63,12,51,0,12
-1 , 0.0002741053
=>isw-1 ABpla	0,63,5,58,0,5
-1 , 0.05756098
=>isw-1 ABpra	0,63,6,57,0,6
-1 , 0.02759121
=>isw-1 Caa	0,13,2,11,0,2
0 , 0.48
=>isw-1 Cpa	0,15,2,13,0,2
0 , 0.4827586

--->Working in lag-1
=>lag-1 ABarp	0,63,2,61,2,0
0 , 0.496
=>lag-1 ABpla	0,63,27,36,27,0
1 , 4.193619e-10
=>lag-1 ABpra	0,63,20,43,20,0
1 , 3.1715e-07
=>lag-1 Caa	0,13,0,13,0,0
0 , 1
=>lag-1 Cpa	0,15,0,15,0,0
0 , 1

--->Working in let-526
=>let-526 ABarp	0,63,9,54,9,0
1 , 0.002874658
=>let-526 ABpla	0,63,23,40,23,0
1 , 2.028794e-08
=>let-526 ABpra	0,63,11,52,11,0
1 , 0.0006061944
=>let-526 Caa	0,13,8,5,8,0
1 , 0.001647597
=>let-526 Cpa	0,15,6,9,6,0
1 , 0.01685824

--->Working in lex-1
=>lex-1 ABarp	0,63,1,62,0,1
0 , 1
=>lex-1 ABpla	0,63,1,62,0,1
0 , 1
=>lex-1 ABpra	0,63,1,62,0,1
0 , 1
=>lex-1 Caa	0,13,0,13,0,0
0 , 1
=>lex-1 Cpa	0,15,1,14,0,1
0 , 1

--->Working in lim-7
=>lim-7 ABarp	0,63,4,59,0,4
0 , 0.1190244
=>lim-7 ABpla	0,63,0,63,0,0
0 , 1
=>lim-7 ABpra	0,63,6,57,0,6
-1 , 0.02759121
=>lim-7 Caa	0,13,0,13,0,0
0 , 1
=>lim-7 Cpa	0,15,1,14,0,1
0 , 1

--->Working in lin-1
=>lin-1 ABarp	0,63,2,61,0,2
0 , 0.496
=>lin-1 ABpla	0,63,2,61,1,1
0 , 0.496
=>lin-1 ABpra	0,63,0,63,0,0
0 , 1
=>lin-1 Caa	0,13,0,13,0,0
0 , 1
=>lin-1 Cpa	0,15,0,15,0,0
0 , 1

--->Working in lin-26
=>lin-26 ABarp	0,63,0,63,0,0
0 , 1
=>lin-26 ABpla	0,63,1,62,1,0
0 , 1
=>lin-26 ABpra	0,63,0,63,0,0
0 , 1
=>lin-26 Caa	0,13,0,13,0,0
0 , 1
=>lin-26 Cpa	0,15,0,15,0,0
0 , 1

--->Working in lin-32
=>lin-32 ABarp	0,31,0,31,0,0
0 , 1
=>lin-32 ABpla	0,33,0,33,0,0
0 , 1
=>lin-32 ABpra	0,31,0,31,0,0
0 , 1
=>lin-32 Caa	0,3,0,3,0,0
0 , 1
=>lin-32 Cpa	0,5,0,5,0,0
0 , 1

--->Working in lit-1
=>lit-1 ABarp	0,63,25,38,25,0
1 , 3.012486e-09
=>lit-1 ABpla	0,63,17,46,17,0
1 , 4.386072e-06
=>lit-1 ABpra	0,63,17,46,12,5
1 , 4.386072e-06
=>lit-1 Caa	0,13,3,10,3,0
0 , 0.22
=>lit-1 Cpa	0,15,0,15,0,0
0 , 1

--->Working in mab-9
=>mab-9 ABarp	0,63,1,62,0,1
0 , 1
=>mab-9 ABpla	0,63,0,63,0,0
0 , 1
=>mab-9 ABpra	0,63,2,61,0,2
0 , 0.496
=>mab-9 Caa	0,13,1,12,0,1
0 , 1
=>mab-9 Cpa	0,15,1,14,0,1
0 , 1

--->Working in nhr-171
=>nhr-171 ABarp	0,63,0,63,0,0
0 , 1
=>nhr-171 ABpla	0,63,0,63,0,0
0 , 1
=>nhr-171 ABpra	0,63,0,63,0,0
0 , 1
=>nhr-171 Caa	0,13,0,13,0,0
0 , 1
=>nhr-171 Cpa	0,15,1,14,0,1
0 , 1

--->Working in nhr-23
=>nhr-23 ABarp	0,63,0,63,0,0
0 , 1
=>nhr-23 ABpla	0,63,2,61,2,0
0 , 0.496
=>nhr-23 ABpra	0,63,1,62,1,0
0 , 1
=>nhr-23 Caa	0,13,0,13,0,0
0 , 1
=>nhr-23 Cpa	0,15,0,15,0,0
0 , 1

--->Working in nhr-25
=>nhr-25 ABarp	0,63,25,38,25,0
1 , 3.012486e-09
=>nhr-25 ABpla	0,63,21,42,21,0
1 , 1.286552e-07
=>nhr-25 ABpra	0,63,16,47,16,0
1 , 1.026528e-05
=>nhr-25 Caa	0,13,6,7,6,0
1 , 0.01490683
=>nhr-25 Cpa	0,15,9,6,9,0
1 , 0.0006996502

--->Working in nhr-49
=>nhr-49 ABarp	0,63,3,60,3,0
0 , 0.244
=>nhr-49 ABpla	0,63,0,63,0,0
0 , 1
=>nhr-49 ABpra	0,63,1,62,1,0
0 , 1
=>nhr-49 Caa	0,13,0,13,0,0
0 , 1
=>nhr-49 Cpa	0,15,0,15,0,0
0 , 1

--->Working in nhr-67
=>nhr-67 ABarp	0,63,0,63,0,0
0 , 1
=>nhr-67 ABpla	0,63,0,63,0,0
0 , 1
=>nhr-67 ABpra	0,63,0,63,0,0
0 , 1
=>nhr-67 Caa	0,13,0,13,0,0
0 , 1
=>nhr-67 Cpa	0,15,0,15,0,0
0 , 1

--->Working in nhr-68
=>nhr-68 ABarp	0,63,7,56,0,7
-1 , 0.01310583
=>nhr-68 ABpla	0,63,1,62,0,1
0 , 1
=>nhr-68 ABpra	0,63,0,63,0,0
0 , 1
=>nhr-68 Caa	0,13,2,11,0,2
0 , 0.48
=>nhr-68 Cpa	0,15,0,15,0,0
0 , 1

--->Working in nob-1
=>nob-1 ABarp	0,63,0,63,0,0
0 , 1
=>nob-1 ABpla	0,63,0,63,0,0
0 , 1
=>nob-1 ABpra	0,63,2,61,0,2
0 , 0.496
=>nob-1 Caa	0,13,0,13,0,0
0 , 1
=>nob-1 Cpa	0,15,0,15,0,0
0 , 1

--->Working in nol-5
=>nol-5 ABarp	0,61,5,56,0,5
-1 , 0.05739982
=>nol-5 ABpla	0,63,6,57,0,6
-1 , 0.02759121
=>nol-5 ABpra	0,63,7,56,0,7
-1 , 0.01310583
=>nol-5 Caa	0,13,0,13,0,0
0 , 1
=>nol-5 Cpa	0,15,1,14,0,1
0 , 1

--->Working in pal-1
=>pal-1 ABarp	0,63,5,58,0,5
-1 , 0.05756098
=>pal-1 ABpla	0,63,0,63,0,0
0 , 1
=>pal-1 ABpra	0,63,3,60,0,3
0 , 0.244
=>pal-1 Caa	0,13,6,7,6,0
1 , 0.01490683
=>pal-1 Cpa	0,15,9,6,9,0
1 , 0.0006996502

--->Working in pax-3
=>pax-3 ABarp	0,63,0,63,0,0
0 , 1
=>pax-3 ABpla	0,63,0,63,0,0
0 , 1
=>pax-3 ABpra	0,63,0,63,0,0
0 , 1
=>pax-3 Caa	0,13,0,13,0,0
0 , 1
=>pax-3 Cpa	0,15,0,15,0,0
0 , 1

--->Working in pes-1
=>pes-1 ABarp	0,63,1,62,1,0
0 , 1
=>pes-1 ABpla	0,63,6,57,6,0
1 , 0.02759121
=>pes-1 ABpra	0,63,1,62,1,0
0 , 1
=>pes-1 Caa	0,13,0,13,0,0
0 , 1
=>pes-1 Cpa	0,15,0,15,0,0
0 , 1

--->Working in pop-1
=>pop-1 ABarp	0,63,4,59,0,4
0 , 0.1190244
=>pop-1 ABpla	0,63,21,42,21,0
1 , 1.286552e-07
=>pop-1 ABpra	0,63,10,53,10,0
1 , 0.001326765
=>pop-1 Caa	0,13,4,9,4,0
1 , 0.09565217
=>pop-1 Cpa	0,15,1,14,1,0
0 , 1

--->Working in rps-9
=>rps-9 ABarp	0,31,0,31,0,0
0 , 1
=>rps-9 ABpla	0,31,0,31,0,0
0 , 1
=>rps-9 ABpra	0,31,0,31,0,0
0 , 1
=>rps-9 Caa	0,7,0,7,0,0
0 , 1
=>rps-9 Cpa	0,7,0,7,0,0
0 , 1

--->Working in sdz-38
=>sdz-38 ABarp	0,63,3,60,0,3
0 , 0.244
=>sdz-38 ABpla	0,63,0,63,0,0
0 , 1
=>sdz-38 ABpra	0,63,2,61,0,2
0 , 0.496
=>sdz-38 Caa	0,13,2,11,0,2
0 , 0.48
=>sdz-38 Cpa	0,15,1,14,0,1
0 , 1

--->Working in skn-1
=>skn-1 ABarp	0,63,2,61,0,2
0 , 0.496
=>skn-1 ABpla	0,63,0,63,0,0
0 , 1
=>skn-1 ABpra	0,63,8,55,0,8
-1 , 0.006167447
=>skn-1 Caa	0,13,0,13,0,0
0 , 1
=>skn-1 Cpa	0,15,0,15,0,0
0 , 1

--->Working in snfc-5
=>snfc-5 ABarp	0,0,0,0,0,0
0 , 1
=>snfc-5 ABpla	0,0,0,0,0,0
0 , 1
=>snfc-5 ABpra	0,31,0,31,0,0
0 , 1
=>snfc-5 Caa	0,11,0,11,0,0
0 , 1
=>snfc-5 Cpa	0,15,0,15,0,0
0 , 1

--->Working in sox-2
=>sox-2 ABarp	0,63,0,63,0,0
0 , 1
=>sox-2 ABpla	0,63,0,63,0,0
0 , 1
=>sox-2 ABpra	0,63,0,63,0,0
0 , 1
=>sox-2 Caa	0,13,0,13,0,0
0 , 1
=>sox-2 Cpa	0,15,0,15,0,0
0 , 1

--->Working in swsn-3
=>swsn-3 ABarp	0,63,0,63,0,0
0 , 1
=>swsn-3 ABpla	0,63,3,60,1,2
0 , 0.244
=>swsn-3 ABpra	0,63,1,62,1,0
0 , 1
=>swsn-3 Caa	0,13,0,13,0,0
0 , 1
=>swsn-3 Cpa	0,15,0,15,0,0
0 , 1

--->Working in tads-1
=>tads-1 ABarp	0,63,19,44,19,0
1 , 7.712512e-07
=>tads-1 ABpla	0,63,20,43,20,0
1 , 3.1715e-07
=>tads-1 ABpra	0,63,18,45,16,2
1 , 1.851003e-06
=>tads-1 Caa	0,13,5,8,5,0
1 , 0.03913043
=>tads-1 Cpa	0,15,4,11,4,0
1 , 0.09961686

--->Working in tbx-33
=>tbx-33 ABarp	0,63,2,61,2,0
0 , 0.496
=>tbx-33 ABpla	0,63,6,57,6,0
1 , 0.02759121
=>tbx-33 ABpra	0,63,8,55,6,2
1 , 0.006167447
=>tbx-33 Caa	0,13,0,13,0,0
0 , 1
=>tbx-33 Cpa	0,15,0,15,0,0
0 , 1

--->Working in tbx-37+38
=>tbx-37+38 ABarp	0,63,5,58,0,5
-1 , 0.05756098
=>tbx-37+38 ABpla	0,63,3,60,0,3
0 , 0.244
=>tbx-37+38 ABpra	0,63,4,59,0,4
0 , 0.1190244
=>tbx-37+38 Caa	0,13,0,13,0,0
0 , 1
=>tbx-37+38 Cpa	0,15,0,15,0,0
0 , 1

--->Working in tbx-8+9
=>tbx-8+9 ABarp	0,63,0,63,0,0
0 , 1
=>tbx-8+9 ABpla	0,63,0,63,0,0
0 , 1
=>tbx-8+9 ABpra	0,63,0,63,0,0
0 , 1
=>tbx-8+9 Caa	0,13,0,13,0,0
0 , 1
=>tbx-8+9 Cpa	0,15,1,14,1,0
0 , 1
